17
32
33
62
63
76
77
78
79
84
85
91
92
93
101
102
106
107
108
109
112
113
114
115
121
122
130
131
132
133
136
137
138
142
143
144
145
146
151
152
160
161
162
163
165
166
167
174
175
176
177
196
205
206
207
218
219
220
221
236
237
248
249
250
251
252
265
266
267
272
273
274
279
280
281
282
295
296
297
302
303
304
305
309
310
311
312
332
333
334
335
339
340
341
363
364
365
369
370
433
434
435
436
437
438
444
445
446
447
455
456
463
464
465
466
467
468
474
475
476
477
478
484
485
486
487
488
493
494
495
496
497
498
504
505
506
507
508
514
515
516
517
518
524
525
526
527
531
532
533
534
535
537
538
561
564
565
65
565
565
565
565
565
565
